0.769230769231 0.818181818182 0.8 0.823529411765 0.8 0.777777777778 0.75 0.714285714286 1.0 
0.803921568627 0.818181818182 0.852941176471 0.9 0.884615384615 0.9 0.933333333333 0.9 0.833333333333 
0.794871794872 0.838709677419 0.854545454545 0.854166666667 0.846153846154 0.823529411765 0.807692307692 0.823529411765 1.0 
0.8 0.83950617284 0.826666666667 0.815384615385 0.803571428571 0.795454545455 0.823529411765 0.772727272727 0.833333333333 
0.825688073394 0.831775700935 0.827956989247 0.8 0.848484848485 0.814814814815 0.829268292683 0.821428571429 0.8 
0.805755395683 0.823076923077 0.811965811966 0.808080808081 0.80487804878 0.820895522388 0.82 0.823529411765 0.823529411765 
0.823170731707 0.814569536424 0.802919708029 0.815789473684 0.8125 0.818181818182 0.810344827586 0.815789473684 0.8 
0.821621621622 0.80790960452 0.802631578947 0.795275590551 0.798165137615 0.784090909091 0.791044776119 0.767441860465 0.772727272727 
0.820276497696 0.805970149254 0.812865497076 0.809523809524 0.803278688525 0.79797979798 0.794520547945 0.788461538462 0.807692307692 

