0.869565217391 0.9 0.888888888889 0.903225806452 0.761904761905 0.777777777778 0.8 0.833333333333 1.0 
0.891304347826 0.9 0.878787878788 0.947368421053 0.938775510204 0.947368421053 0.965517241379 0.947368421053 0.909090909091 
0.885714285714 0.888888888889 0.912621359223 0.921348314607 0.904109589041 0.903225806452 0.893617021277 0.903225806452 1.0 
0.883977900552 0.888888888889 0.898550724638 0.890756302521 0.891089108911 0.888888888889 0.903225806452 0.85 0.909090909091 
0.85308056872 0.893401015228 0.890173410405 0.888888888889 0.910569105691 0.891089108911 0.906666666667 0.901960784314 0.888888888889 
0.854961832061 0.89539748954 0.892018779343 0.895027624309 0.887417218543 0.901639344262 0.901098901099 0.903225806452 0.903225806452 
0.879478827362 0.884892086331 0.887096774194 0.88995215311 0.891428571429 0.893617021277 0.88679245283 0.885714285714 0.888888888889 
0.873563218391 0.888198757764 0.877697841727 0.85593220339 0.87 0.864197530864 0.859504132231 0.83950617284 0.883720930233 
0.887780548628 0.887671232877 0.881028938907 0.884758364312 0.875 0.866666666667 0.859259259259 0.881720430108 0.913043478261 

