YaccuracySeries0.769230769231 0.818181818182 0.8 0.823529411765 0.8 0.777777777778 0.75 0.714285714286 1.0
0.803921568627 0.818181818182 0.852941176471 0.9 0.884615384615 0.9 0.933333333333 0.9 0.833333333333
0.794871794872 0.838709677419 0.854545454545 0.854166666667 0.846153846154 0.823529411765 0.807692307692 0.823529411765 1.0
0.8 0.83950617284 0.826666666667 0.815384615385 0.803571428571 0.8 0.823529411765 0.772727272727 0.833333333333
0.825688073394 0.830188679245 0.827956989247 0.8 0.848484848485 0.818181818182 0.829268292683 0.821428571429 0.8
0.805755395683 0.823076923077 0.811965811966 0.818181818182 0.807228915663 0.820895522388 0.82 0.823529411765 0.823529411765
0.823170731707 0.814569536424 0.802919708029 0.815789473684 0.8125 0.818181818182 0.810344827586 0.815789473684 0.8
0.821621621622 0.80790960452 0.807947019868 0.795275590551 0.798165137615 0.786516853933 0.787878787879 0.772727272727 0.791666666667
0.820276497696 0.805970149254 0.815476190476 0.815068493151 0.803278688525 0.795918367347 0.794520547945 0.788461538462 0.84

NaccuracySeries-0.1 1.0 1.0 1.0 0.25 0.333333333333 0.0 -0.1 1.0
1.0 1.0 0.625 1.0 1.0 1.0 1.0 1.0 1.0
1.0 0.666666666667 0.857142857143 1.0 0.8 1.0 1.0 1.0 1.0
0.8 0.666666666667 0.857142857143 0.8 1.0 1.0 1.0 0.5 1.0
0.454545454545 0.727272727273 0.7 1.0 0.857142857143 0.75 1.0 1.0 1.0
0.45 0.818181818182 0.857142857143 0.857142857143 0.8 1.0 1.0 1.0 1.0
0.6 0.666666666667 0.833333333333 0.75 0.833333333333 0.8 0.75 0.666666666667 1.0
0.541666666667 0.777777777778 0.583333333333 0.384615384615 0.5 0.4 0.4 0.25 1.0
0.7 0.8 0.625 0.666666666667 0.555555555556 0.5 0.428571428571 1.0 1.0

YrecallSeries1.0 1.0 1.0 1.0 0.727272727273 0.777777777778 0.857142857143 1.0 1.0
1.0 1.0 0.90625 1.0 1.0 1.0 1.0 1.0 1.0
1.0 0.945454545455 0.979166666667 1.0 0.970588235294 1.0 1.0 1.0 1.0
0.987654320988 0.944444444444 0.984126984127 0.981481481481 1.0 1.0 1.0 0.944444444444 1.0
0.882352941176 0.967032967033 0.9625 1.0 0.982456140351 0.978260869565 1.0 1.0 1.0
0.910569105691 0.981651376147 0.989583333333 0.987804878049 0.985294117647 1.0 1.0 1.0 1.0
0.944055944056 0.968503937008 0.990990990991 0.978947368421 0.987341772152 0.984375 0.979166666667 0.96875 1.0
0.932515337423 0.986206896552 0.96062992126 0.926605504587 0.956043956044 0.958904109589 0.945454545455 0.918918918919 1.0
0.967391304348 0.987804878049 0.958041958042 0.967479674797 0.960784313725 0.951219512195 0.935483870968 1.0 1.0

NrecallSeries0.0 0.2 0.2 0.25 0.333333333333 0.333333333333 0.0 0.0 1.0
0.166666666667 0.272727272727 0.5 0.625 0.571428571429 0.666666666667 0.75 0.666666666667 0.5
0.111111111111 0.375 0.428571428571 0.416666666667 0.4 0.25 0.166666666667 0.25 1.0
0.166666666667 0.380952380952 0.315789473684 0.25 0.153846153846 0.181818181818 0.25 0.166666666667 0.333333333333
0.344827586207 0.307692307692 0.304347826087 0.15 0.375 0.230769230769 0.3 0.285714285714 0.25
0.25 0.28125 0.214285714286 0.25 0.2 0.25 0.25 0.25 0.25
0.292682926829 0.222222222222 0.15625 0.222222222222 0.217391304348 0.222222222222 0.214285714286 0.222222222222 0.2
0.282608695652 0.170731707317 0.194444444444 0.161290322581 0.153846153846 0.0952380952381 0.125 0.0909090909091 0.166666666667
0.264150943396 0.170212765957 0.243902439024 0.228571428571 0.172413793103 0.166666666667 0.166666666667 0.0833333333333 0.333333333333

